1.000000 -0.001171 -0.001176 0.090698 0.003284 0.032655 -0.001906
-0.001171  1.000000  1.000000 0.083185 0.116170 0.133316  0.100201
-0.001176  1.000000  1.000000 0.083196 0.116172 0.133318  0.100203
 0.090698  0.083185  0.083196 1.000000 0.129753 0.160467  0.055999
 0.003284  0.116170  0.116172 0.129753 1.000000 0.634171  0.277379
 0.032655  0.133316  0.133318 0.160467 0.634171 1.000000  0.255396
-0.001906  0.100201  0.100203 0.055999 0.277379 0.255396  1.000000